{"i": -1299583.7918895006,
 "g": -549158.3830586186,
 " ": -2825828.2433803813,
 "e": -2048143.1016294376,
 "p": -462438.57512419816,
 "n": -1416430.8832741135,
 "a": -1549873.4040424614,
 "f": -645555.1785253963,
 "w": -616521.0597366872,
 "t": -1687323.6680021654,
 "u": -762764.150467951,
 "o": -1496756.2197929984,
 "s": -1308661.1253268553,
 "d": -1042211.02418316,
 "c": -584627.1651959993,
 "W": -69243.1045584206,
 "1": -132446.98721850966,
 "r": -1225473.5148444227,
 "3": -67278.99778669834,
 "b": -452104.64917586284,
 "D": -71767.3303469617,
 "h": -1458867.9067719216,
 "R": -62495.021340479565,
 "m": -678418.9490158223,
 "l": -989103.8541445583,
 "A": -151567.13600161078,
 "I": -190633.86757127487,
 "k": -265451.6562658866,
 "v": -324619.5744532102,
 "C": -53309.047720946524,
 "P": -39785.33973907702,
 "x": -51707.200929043756,
 "7": -36002.32078382806,
 "H": -78706.61036019973,
 "z": -28266.686718780074,
 "y": -575910.2750054448,
 "N": -42345.4273743959,
 "T": -128897.7157544393,
 "V": -8671.9535975019,
 "4": -52233.51846321994,
 "M": -82097.36226567319,
 "J": -48803.997717943195,
 "B": -74273.465456712,
 "L": -79417.91207350795,
 "O": -82059.31597347098,
 "G": -56081.52836613183,
 "2": -97488.71589404727,
 "q": -41169.87922372903,
 "S": -87229.2136613322,
 "E": -59072.510645801936,
 "8": -35577.962222602946,
 "F": -47061.746492219485,
 "j": -44348.86098051098,
 "0": -33842.11938044014,
 "Y": -25124.937812797805,
 "9": -35311.24444828714,
 "Q": -5295.697371805133,
 "5": -41553.4951151858,
 "U": -10973.88668531027,
 "6": -39229.01061258539,
 "X": -1623.0435327903992,
 "K": -14079.61569847938,
 "Z": -7540.914985452157,
 "?": -84.18764217879847}